% Model:              Simple_2D_Model_Laminar_SS_Model.mph
% Version:            COMSOL 6.2.0.415
% Date:               Mar 5 2025, 05:41
% Dimension:          2
% Nodes:              1286
% Expressions:        1
% Description:        Velocity magnitude
% Length unit:        m
% x	y	spf.U (m/s)
0	0.03464575867838218	9
0	0.01624950978569522	9
0.02147921071925114	0.027651593236095777	9.040437850262974
0.029721875383537915	0.04568186161118055	9.040160132883516
0	0.06195520283593098	9
0.0371965694737433	0.07349430235147277	9.033069566300485
0	0.08926464699347977	9
0	0.9711338875979858	9
0.029434212889840754	0.9777123248250298	9.06054363026991
0	0.9854853230047552	9
0	0.13379748027621133	9
0.04257033187609232	0.11479517468698837	9.013996909506014
0	0.9488444758052815	9
0.04032977798278221	0.9583326456302718	9.080052536552008
0.04709856294679547	0.17197889265479058	9.005551187547441
0	0.20642671549358305	9
0.04989516207256044	0.25729030898625405	9.001483529558081
0	0.29197788710159617	9
0.051832092433709565	0.33326813569092945	9.000456631112188
0	0.3671443824298178	9
0	0.9141345597626858	9
0.04072930718105381	0.9265051404781426	9.034148258428134
0.05274482153596658	0.3995384140306391	9.000312611569784
0	0.4335721912149091	9
0.05304640581605955	0.466140099271772	9.0002316594811
0	0.5000000000000004	8.999999999999998
0.04391488997095413	0.8848710239494229	9.014163183665417
0	0.8572252185380571	9
0.047761265574728706	0.8207903615680584	9.004651575819638
0	0.790303977271042	9
0.053149628604756936	0.5330692953830366	9.000241814209064
0	0.5664278087850918	9
0.05294106452740313	0.5997752100414959	9.00033539369457
0	0.632855617570183	9
0.05253479995316159	0.6663322928208455	9.000541744304783
0	0.7070508903999176	9
0.051700053504685824	0.7391507286611435	9.001375008770284
2	0.014663693841980074	9.110908030694478
2	0.029673172550448768	9.174486490647451
1.9723208798837912	0.022159672149344018	9.152977509610453
2	0.05092368918856294	9.149533700955796
1.9674346429030911	0.03762420564073368	9.171737544945843
2	0.08338607807923926	9.101749392678204
1.9554405428930366	0.06756675768409962	9.119820899813151
1.955493118222406	0.1159026428482774	9.076244198611512
2	0.13977562240621355	9.061905922753606
1.9529529031658184	0.17749755207489948	9.047960417643298
2	0.21330421285540813	9.036347207188895
1.9491903156897192	0.26285454037911316	9.024922543085125
2	0.29085425148120314	9.019171684989729
1.9476505050880208	0.33362017649898484	9.014988658422517
2	0.36714438242981695	9.011977274413084
1.9466379134354508	0.3999725444892331	9.011248793509312
2	0.4335721912149082	9.009940134727104
1.9463470682725177	0.4666153123206452	9.010153042501345
2	0.49999999999999956	9.009528528996027
1.9462569902058526	0.5332513376327959	9.010219724437958
2	0.5664278087850909	9.010111372155768
1.9462786542995572	0.5999114488067503	9.0114436081061
2	0.6328556175701823	9.012245861054325
1.9468474119491213	0.6661363714882439	9.01513239875566
2	0.708145326088268	9.019300985107762
1.948368379497617	0.7418470265477867	9.025615353123065
2	0.7939614188572977	9.037439744774245
1.9521621219531098	0.8264345703860938	9.048282690801257
2	0.8718797229766716	9.066672131667728
2	0.9166337994868873	9.102993559177925
1.955310909637786	0.8861972196362534	9.0765661484792
2	0.9476771743813881	9.141750411771023
1.9608775837965764	0.930587172844834	9.117669601088254
2	0.9698532999469824	9.16665389479697
1.9702728803279985	0.9581603634279245	9.155234219011994
2	0.9844417412564138	9.145008719219355
1.9782990435697811	0.9759296186420471	9.16379209501504
0.035070480484033606	0.01643621617145645	9.164354847495968
0.050178328779309604	0.03038571510450112	9.21741885604773
0.0701538794659921	0.016666197143822597	9.46962176956427
0.07613239516454019	0.029654663040722354	9.350874366584167
0.10524361881216392	0.01686457692506604	9.477325284521607
0.17982237316241223	0.02913077610156306	9.331749701819959
0.17542880451238765	0.01716267498839297	9.39035438829466
0.2105237786687001	0.01718883881397806	9.370551682685726
0.11028172379345816	0.028457956981587925	9.370548072597055
0.1403348317931782	0.017013625956729506	9.42304996625445
0.1437016458345886	0.028948686795816834	9.345185787668278
0.10828113434118292	0.041264990255956896	9.27803604539508
0.06961214593100833	0.049792576944199696	9.154945121196347
0.03506392139201737	0.9854853230047552	9.180577857815157
0.06543017303653528	0.9740511277064058	9.271968569136419
0.07012749006963065	0.9850023672962971	9.446950073812157
0.2215016459938665	0.03029837748462289	9.317040919605972
0.2456136326164297	0.017163884309700398	9.353015124340807
0.20692302046787361	0.04649824443543248	9.218841163225347
0.17342475667430196	0.044040372032168096	9.241241603477668
0.13751935044304753	0.04429571887536947	9.250494198101956
0.19304226463933977	0.06265271545701227	9.16769879885457
0.1146332924946634	0.06377111542302935	9.156793228358376
0.08099436156329415	0.08512258014597046	9.073978757712977
0.0943548876922251	0.9732692804744004	9.334453995017107
0.10520562260110224	0.9844251236060827	9.43398158298117
0.07371859383588733	0.9622446533379471	9.218467680725894
0.2501897300217081	0.030145413291690692	9.314886452949352
0.28069958252648813	0.01716406902250141	9.340288272304967
0.24056171853090294	0.04823849269891731	9.205178270062447
0.2847137251529306	0.029834093667804054	9.313048727382336
0.3157860803138243	0.01720661591797629	9.331682149589524
0.3207097961171286	0.029632908154710282	9.312607857763746
0.3508751923597265	0.017244296966751706	9.326993921857332
0.22534898692351657	0.07221211407466359	9.13952299356165
0.16176677123971184	0.07314285397302064	9.13482847563993
0.19725066108710318	0.0853580392301713	9.112680326424883
0.2211568019735625	0.0999921414704899	9.085683417289324
0.12906619451005624	0.10391203518386466	9.07229402838969
0.090132497272721	0.13511314570000535	9.02871904273877
0.13566468231843984	0.9753796167974687	9.342766332553852
0.14029313793893897	0.9838500884626169	9.398672678745553
0.1726838966637017	0.9717475798455701	9.301342852702396
0.1753867577232844	0.9833391977950512	9.372499821646576
0.10493657954422464	0.9587198669138477	9.227921699713987
0.07616996269207305	0.9432830004777046	9.128394520469156
0.35658756820204496	0.02903796953320851	9.314273349574696
0.3859647190573564	0.017244462978092116	9.321801700066693
0.27726420295407267	0.04722642548796836	9.203639804333811
0.260305559053754	0.06739640818803262	9.147269181937565
0.31453751585406764	0.04589523854709103	9.204553853381261
0.35006361365855704	0.046088956254803144	9.200458509706818
0.2578987449068744	0.0977614265641712	9.088405948805873
0.1849384806593853	0.11879037117567007	9.063070933860788
0.2341757267516714	0.13644392816017734	9.054560549664833
0.09751591833985733	0.20650892750248817	9.010210873405356
0.14278803068599719	0.16584405922555723	9.029022791607217
0.10130004590608	0.29181974802965394	9.003188929027727
0.10513820123338191	0.3648264778207218	9.001626868346476
0.1392897499715861	0.9595414440554944	9.233715484971087
0.20793666888980644	0.9711562329704367	9.292713352311935
0.21048397569763638	0.9829186599044464	9.357662953249248
0.176953073804438	0.9580225601486603	9.220010811196394
0.0854151345650207	0.905361254528529	9.058545058787788
0.11752187889233563	0.9324469523745766	9.129550696250838
0.24171034883880993	0.9699391681741424	9.27962876020456
0.24558360387849765	0.9826000618584857	9.348515234977768
0.10627625470956036	0.4320091384432813	9.00113291090466
0.1065166729624143	0.4993597806269998	9.000983898667032
0.3909976953149394	0.029966088179684172	9.309352858320393
0.4210518006460513	0.017227712738194043	9.313928091044698
0.42575836878150947	0.030078377391544748	9.306512630819872
0.45613609574005154	0.017236139744807442	9.304720981154114
0.4611765399334648	0.029808488275087208	9.303082033690131
0.49121943193820167	0.017292994527497073	9.29670372831506
0.3860629052869999	0.04588199671994468	9.19992787932133
0.2966053957755374	0.07740609016665334	9.121303605878333
0.3333141487191734	0.06817363255354769	9.13967252684814
0.36594292873328854	0.07429769300119492	9.125527253707746
0.27275679156076615	0.1350977694964206	9.05586452483378
0.29557173410720866	0.11103193430386861	9.072904127048009
0.26606938906256883	0.1801077190856156	9.033918806791254
0.2078131187111686	0.19357823026184345	9.026325644857046
0.15246425974392733	0.2502333138415732	9.010343034959874
0.15761590003203943	0.32862031333254255	9.004647351350899
0.15974021960682458	0.39679291658637217	9.002814769190023
0.16016299170196543	0.9310121779340731	9.1338923322603
0.21586036318576085	0.9558618167871793	9.203612392836346
0.19517541542931122	0.9367685779686973	9.150538460803405
0.09354399165005642	0.8525013222684749	9.022309933767064
0.14022633744880686	0.8871334877460031	9.062963648832438
0.09921632652037286	0.7749606299055507	9.008133073069873
0.10619845364566595	0.5665469557789294	9.001181925778583
0.10543379763296949	0.6333843754915179	9.00174724178329
0.1040200130192982	0.6996072507463733	9.00298261422619
0.2775993559226672	0.9692157176160325	9.276179819221861
0.28068495222725504	0.9823956843338714	9.34190657511358
0.2546180208401476	0.9498033048724072	9.18211684322864
0.3157865652020903	0.9823188827155196	9.33285858226754
0.3133628883842422	0.9695535363427529	9.27828070285509
0.16023021326331036	0.46508506257680593	9.002189350095962
0.15985477473253853	0.5329551043795232	9.002220083190005
0.4217657267554355	0.046194329859246305	9.197733754600007
0.4961967968720673	0.029584257998564286	9.299263098874588
0.526303802395505	0.017391934228434637	9.291265046803456
0.529885287920144	0.029866449404984795	9.29362174705804
0.561390142506907	0.017511758557080925	9.286778206767321
0.45689344048215713	0.04549335150152919	9.200351012973256
0.49030056712170306	0.04436933280301944	9.203968585470585
0.4042759105709266	0.07282020247577076	9.127447295835909
0.3370119565686976	0.10563549680015323	9.077186319671526
0.3845951293304629	0.10846380448120935	9.073472820094354
0.31298905074980227	0.1563848696915857	9.04320107066937
0.30276502517666365	0.21274982925120128	9.02591147870256
0.26639859536013316	0.24253817656149035	9.01853855666437
0.21971809358698544	0.2767059701164022	9.0111786184166
0.2143024357774882	0.35991989904297383	9.005495300835976
0.214768059869409	0.43021244899658395	9.00392429838679
0.19144197033022814	0.9058875648405202	9.094088302812658
0.23305610052092782	0.9216382733460716	9.117268672415186
0.14483892685811617	0.8266650117825851	9.023842941462421
0.18865946814392537	0.856060130493263	9.045554460203435
0.1508795478682794	0.7376744715000264	9.009057295825093
0.1589250927920863	0.6004226953258421	9.00292830758194
0.15741064004177124	0.6674277322988056	9.004480590081968
0.34797050880737584	0.9690461321327605	9.275253250645006
0.3508852062441464	0.9823702443469104	9.320390324653713
0.3823335478232192	0.9692462852552984	9.2741991396709
0.38597772919052725	0.982500183939566	9.307827340250205
0.28927616445739995	0.9518592047803421	9.18518834707717
0.2705538448454511	0.9294633991724497	9.1311913308254
0.3214528735952691	0.9527413251716085	9.185486673953264
0.5664138586819154	0.028208502664152278	9.296661660120064
0.5964782950336285	0.017630720145720504	9.287283474598615
0.21412350118083115	0.4990988679047568	9.003487053677356
0.21283088989663332	0.5670221142276097	9.00399674909026
0.441229064685807	0.07153750321090158	9.129166159301741
0.5568013915360567	0.04579650267771143	9.195919119019246
0.5239730490182147	0.044150423763532384	9.20326036410893
0.4759302434018884	0.06809607052711	9.135588527921355
0.5047993733422831	0.0631524794087712	9.145389594526696
0.42528334183524386	0.10749231585387212	9.074240754224583
0.3661663721134255	0.15976093916061404	9.041715404956657
0.40751095035650625	0.15320610452803932	9.044474146217917
0.35035435748581933	0.22016767140392668	9.024921000425815
0.318246228169889	0.2698989049701849	9.016240108042993
0.2793018882495344	0.3208358969092903	9.009688449354144
0.27015183519844954	0.3949625607687751	9.006083538895163
0.26909861340606483	0.46537661030338856	9.005006112633028
0.23232917210584822	0.8765947118877685	9.065018957565314
0.2717041470385464	0.8950835909245934	9.083509927102101
0.1976820924733468	0.7826976727366927	9.019547035561175
0.231545669749151	0.8212228326199635	9.034452635529679
0.20692716240097184	0.7015739328633511	9.00940140035924
0.21146815138250824	0.6349949894316105	9.005511034436182
0.417732245873608	0.9695529600960305	9.274245725412008
0.4210653725363147	0.9826233403118486	9.29726586027008
0.4524850397204295	0.9705269121562969	9.274929273252704
0.45615186066359836	0.982722732434917	9.288143704072459
0.35979476909376323	0.9500378464467932	9.173083903211712
0.39027006433800365	0.9530321441393288	9.179355233367845
0.30724059846799834	0.920279166943161	9.114010123761263
0.34162674898033196	0.9305404158529009	9.130829313047876
0.4864052868098703	0.9701250219786076	9.270181735905359
0.49123653484633145	0.9828324602632204	9.27928968108094
0.5993049462154579	0.030633353488073195	9.28647090139549
0.6315674547198257	0.017734992823863517	9.284190641936148
0.5892725562340018	0.04785750893919984	9.184833697884713
0.26726379701015207	0.5335557349449368	9.005067657163396
0.2651961880746119	0.6010223534625081	9.006183415347122
0.5720245613628423	0.06642344947748634	9.133948813842848
0.46328898594564943	0.10305224791789491	9.079349105582104
0.5362898901628701	0.07319918784848194	9.119788897432722
0.4992998757452737	0.0945044481827251	9.090262301492537
0.45084768772502615	0.1480303627321125	9.047005139332954
0.3994663476113783	0.21560846752779228	9.026556091581647
0.43539194898348177	0.19731142739359098	9.03135415098461
0.33924081027509423	0.3144311851636666	9.01179948754016
0.37928897410425155	0.27664135410568824	9.0163348418816
0.3287657674019201	0.36823922666478526	9.008569204742658
0.32488803087358437	0.4331281936523108	9.006662570174582
0.32203179823926104	0.5007126427384375	9.006200615810885
0.276033977668825	0.8413747974123074	9.044782948652893
0.31101118862222815	0.8811511967858026	9.071198137731814
0.26200228959363725	0.7540917304084984	9.018373420293393
0.2638175697455453	0.6701635501446122	9.00921960044011
0.4245423132279148	0.9534255277408779	9.177826793335898
0.45707114104663266	0.956003161828206	9.18463321043489
0.4104019554648625	0.9328592167913278	9.128041847462649
0.3776751294819205	0.921233118679342	9.110408925846677
0.34534945186556026	0.8991100889455437	9.087425375793527
0.49452096285930075	0.9530312525075728	9.171250302928486
0.5147112897007835	0.9691001603803914	9.263539250063339
0.5263173697394462	0.9828996902874618	9.271867512333937
0.6349443433565775	0.03059522999403198	9.285952624411708
0.6666570243763272	0.017823940741736263	9.28399074084114
0.6260959291325543	0.04610554532248973	9.189579588529625
0.6694652080442844	0.030786780386334697	9.284459088811163
0.7017472830539162	0.017899199741735407	9.284087432290601
0.6054788643265894	0.07519159548183833	9.115356477238022
0.3195793972905769	0.5677090121461107	9.006837334706162
0.31609692412676693	0.6326232517323678	9.00866327063469
0.5675782776937984	0.09990354496752714	9.085359910888984
0.4882625022426155	0.14244665775675394	9.050365915969385
0.5271955216309268	0.12020714012413831	9.065031771927652
0.47373831238061215	0.19726011766419077	9.031720680831599
0.44021275288143547	0.25268860050936015	9.02021408540577
0.3823816327940703	0.33853030661801337	9.010961425661826
0.4233532791133983	0.30743971975185447	9.013847415491808
0.38159614563442923	0.40106507598262153	9.008562699725376
0.3776043678682303	0.4684165315497941	9.007378162925635
0.37359055354524845	0.5357542554082149	9.00750357620686
0.3222052860888427	0.824429649002852	9.039790495519101
0.3077068695996852	0.7783647700725693	9.02555883670233
0.3526686278848257	0.8461954302864833	9.04978172823791
0.3242733907719384	0.7063880952081637	9.014593961862843
0.477720850514074	0.9349225664613201	9.130164017441295
0.44507668757038127	0.9261934595883754	9.113852576272047
0.4164506530486252	0.8983766435859957	9.085351252211213
0.38574071502550167	0.8718298959017116	9.065278489546428
0.5087350897707986	0.9288913885029481	9.119247785442049
0.5297413797855615	0.9508969208972461	9.16397617394965
0.5561858705183553	0.9697433625332607	9.263496480447726
0.5613975980483762	0.982865300476769	9.267058814672986
0.5912745931189196	0.9706178495109761	9.26478233619744
0.5964819236367939	0.9827648819513135	9.265429839315097
0.6614643380350115	0.04644753751339068	9.185128791456348
0.6410992953493644	0.06726332964633097	9.131278723904199
0.7368389556060122	0.017952017376465654	9.285195093074664
0.7040691428396562	0.030754561192532767	9.28448456020071
0.6968333924792917	0.04642697848196706	9.183038220805761
0.6367711194867315	0.1013906478555792	9.085897032291108
0.5978351735545353	0.12188586177913205	9.066607718282258
0.3712201436515041	0.6007136381955395	9.008766630822423
0.3685005200656952	0.65551453734893	9.011365555560143
0.5547529456109319	0.15176137147126378	9.047369151482625
0.5168901391589624	0.17712974939983678	9.037317864567
0.5005111753474077	0.24607321849998534	9.021600779075
0.475704750888567	0.30676833900582007	9.014448301799431
0.442044820235328	0.3633652780394639	9.010635989539894
0.4347856597110238	0.4356344782838536	9.008716860817529
0.42873042995556593	0.5042405151279185	9.008214684236835
0.4223726226249107	0.572769753861577	9.008902499485316
0.7397277944772698	0.031189325817901816	9.282015259010349
0.7719318009256146	0.017960660493802044	9.28400188721156
0.36004695225927563	0.7796028034493069	9.0268814623009
0.391658173447546	0.8210489476336832	9.040367602823622
0.393133659311449	0.7057902054023032	9.015921054804076
0.4850044153909012	0.9044992826066222	9.089899390403202
0.45698008439808624	0.8783151858238789	9.06839947407534
0.42551255801617643	0.8427108620953749	9.048656627057833
0.5225664002383417	0.8997380970463282	9.084569012145577
0.5432323645694151	0.9280925791665959	9.117207575822377
0.5622437739346408	0.9531417190484732	9.171729700737812
0.6266559591964935	0.9699167878068847	9.262354003080441
0.631571420121632	0.9826651750512332	9.265627232464617
0.5984627036147215	0.9543947281348225	9.175465117499172
0.6621326426728835	0.9698102336309077	9.261945439340804
0.6666638170973891	0.9826147614424823	9.266220658984883
0.6760378853199004	0.0746621590508261	9.117396108820662
0.7317861448824808	0.047574330058877054	9.176629228551306
0.7114709395662567	0.06747049579251502	9.130356548281602
0.6689134932630145	0.12041264552609286	9.069653600428866
0.6312620051069852	0.14892829564925492	9.051558629036139
0.5945265518085925	0.17236051933366336	9.040844817862007
0.42286185842201746	0.6411746357555588	9.011372187919198
0.5611399023124221	0.2250416371079069	9.025479755716274
0.5346590108655127	0.29420619466122455	9.015972714277119
0.507836764196601	0.3518290857533656	9.011869725800151
0.47248022168085263	0.5997373791383557	9.010370939754791
0.49283247397800267	0.4102836305386853	9.00994796160712
0.48593492950592654	0.4751853210299515	9.009075843014985
0.4780924421441146	0.5376972203938697	9.009148378946064
0.7755017708004008	0.030959867861963197	9.280905187699323
0.8070238342944579	0.0179137654377998	9.281643475754171
0.7672978346695802	0.046720325007925695	9.178899159264054
0.8100126235263545	0.03102497959162141	9.276934101624578
0.8421128692876835	0.01783380182216663	9.277144272988632
0.426462072512916	0.7726976843186485	9.026623635944036
0.4514547094596717	0.700347616031421	9.016024710182803
0.4989473798537256	0.8589349982168821	9.056390328902483
0.47188610159505234	0.8191718381612393	9.039393611345785
0.5389600770950018	0.859940278568752	9.05653892257517
0.564443010475027	0.8935184620088523	9.078485799838887
0.5796399466915975	0.9270734155912929	9.115920801264165
0.6359769284879877	0.9528620095178535	9.169768726982399
0.6148837835026036	0.9304268793268976	9.121274732308047
0.6982240697433053	0.9699645691398143	9.262488064605526
0.7017556424917235	0.9826221941337542	9.264596697492417
0.669140098883848	0.9540046719394377	9.172408243954584
0.7339578147919632	0.9700183557961386	9.260686877418912
0.7368444795944153	0.9826603109580463	9.262066710941959
0.7066039316821134	0.1008966049089041	9.088454857612534
0.7460577997663433	0.0751674216097222	9.116274481363854
0.6991544198368148	0.14612017498270935	9.05498660216976
0.6645622890420481	0.16968659819169724	9.043979707455442
0.6287639350328144	0.21426991780994561	9.027805915972928
0.48082608246577624	0.6534949499537642	9.012804333033527
0.5104490564497973	0.621043051250477	9.011597615895349
0.5956215111164233	0.28520567213485154	9.017270988938881
0.5688758146690864	0.3387801495187135	9.013022476442144
0.5487526319301516	0.3902085849161358	9.01095679209965
0.5202218219528753	0.5748965087890565	9.010247499817615
0.5410399826935101	0.4478998564357534	9.009878542806293
0.5401285885533418	0.515356225399628	9.009678696096342
0.877198374344646	0.01776010788658422	9.273438196909051
0.8446361451330214	0.030914050273966365	9.274201089993959
0.8026790592802625	0.046846832004696734	9.176823433956715
0.782123844168703	0.06801206644685441	9.128203696195474
0.8357328972077397	0.048508287081999724	9.170104450581064
0.8804106417271755	0.030966608585269097	9.270022988472006
0.9122817584784543	0.01772738887421258	9.27028493263418
0.49020412528959345	0.7470571126698652	9.022632923869066
0.4974310238517745	0.6954430227287107	9.015993321850216
0.5310267102290813	0.8041350821896716	9.03545998643951
0.5778168846788332	0.8433747533820255	9.047976335822723
0.6096818835992961	0.8936094953629936	9.079438854596505
0.6506574551194153	0.9241947480275255	9.110495284335213
0.7054026640023758	0.9545663167690381	9.17183267370035
0.6876011583475905	0.932240171718816	9.123177376776233
0.7683410085316401	0.9704776684207695	9.26005902812935
0.7719304256491863	0.9826859069090669	9.259805394086653
0.740014191874459	0.9545907869006505	9.170161131452558
0.8025167709418215	0.9703173994280534	9.257232804437466
0.8070157899630802	0.9826753759026232	9.258245084974835
0.7379890523403504	0.12154673249155912	9.071204257411994
0.7763254286520908	0.10190329453475708	9.088310353411096
0.7294461258311273	0.169450285022253	9.045272685469872
0.6929656283702766	0.2110521555305174	9.02895727397802
0.6583964912978922	0.2798802581125753	9.018224544918276
0.5305513051962911	0.6636722620854694	9.013764919004863
0.5511942108539016	0.6162721106573366	9.011771852001672
0.5843493655787433	0.4234334113490454	9.010588733734066
0.6297424345021573	0.33114904058973166	9.013886041625192
0.6049067602398644	0.3813187508220955	9.01163838083423
0.5685295556405312	0.5699876496512386	9.010577841521553
0.5943643467468336	0.47333847964906806	9.01019435712938
0.5925378650346977	0.5295707915502308	9.010236763800968
0.8683377096747473	0.05002929870870603	9.163114406964505
0.8174878100860058	0.07614006595378403	9.114107041587731
0.8519478668167826	0.07044988917530817	9.123347852611102
0.916045308488048	0.030226743346887894	9.268947327705364
0.9473655063843311	0.017745539338023184	9.267444180700501
0.9050511901761916	0.04753193444224417	9.170822661180752
0.9502908065782241	0.030790404803611508	9.263758655349053
0.9824515422746042	0.01779405235357779	9.265445918187496
0.5468720095942986	0.720874544264767	9.01860486802918
0.591394055971909	0.7668609554355978	9.027335236189783
0.628207108290347	0.8365729597824424	9.045620363250796
0.6525338593183876	0.8803751554139982	9.071233067166059
0.6882808149297032	0.8966337470391781	9.083906653427588
0.8375953316041201	0.970290902130472	9.25566652572394
0.8421034119489663	0.9826380083488041	9.257499526513111
0.7244130766748192	0.9238392876756261	9.10940534148351
0.775443879348481	0.9557756884227967	9.172051998344267
0.7592664653081659	0.93353675556374	9.123927877275719
0.8095640334356864	0.9551078245123632	9.16880025028201
0.766232066192463	0.15197069159702253	9.053504091929907
0.8079900398496571	0.12549190035295035	9.069467047244432
0.7482645829351213	0.2102366106665049	9.030010464002599
0.7231419358417425	0.2845274983422186	9.017949092874352
0.6821186333796372	0.3260464430651736	9.014611642352962
0.5828710630751693	0.6675684755914788	9.014326760078069
0.6031561492882593	0.6154468538493154	9.012103408679552
0.6379879995901163	0.42886206637490176	9.010887202185382
0.6418725529495534	0.47330357962778985	9.010531123796964
0.6685740692542301	0.3754630678169064	9.012226072958148
0.6219844702309588	0.569038666970216	9.01093543403315
0.6698899692317675	0.45882029291218795	9.010808113830588
0.6381023172909263	0.5177054394040692	9.010508521116698
0.6690774497958176	0.48891264987943356	9.010678688585179
0.8862202002685634	0.08023958596405524	9.109253745543645
0.8500348190649099	0.10244350005514039	9.087947375022226
0.9386877277957426	0.04876756760897669	9.167115287628013
0.9222079591773913	0.06897097264262209	9.125985071070833
1.0175404471919076	0.017844210168804914	9.265284920677896
0.984642646982389	0.030187669891817828	9.263726139968776
0.9761855408109094	0.045152813811126624	9.178493036449611
0.6129513002588783	0.7165323461002318	9.018449249856216
0.64931151008873	0.7724532450814005	9.028651554886196
0.6856945295852271	0.8381541866719847	9.047176379487354
0.7280269430000117	0.8736402225599493	9.067258680323755
0.8726989313604128	0.9699690714073046	9.251436910339654
0.8771952828374903	0.982609075619129	9.25546559899672
0.8428427410229066	0.955355718084366	9.169570387087134
0.7620321687501745	0.8984224541384638	9.085526438133941
0.7951662899009103	0.9265760217069661	9.112727859965139
0.8276530598493632	0.9362220546780173	9.127792746883225
0.7975741855577582	0.18596136200372543	9.037974308540775
0.8424422199522522	0.15644403118491215	9.0509952158392
0.7802275558173603	0.25845767150329246	9.021754103877752
0.7694397931159352	0.31197712983537074	9.015956328189112
0.7305123484874396	0.35428466967723504	9.013215205159106
0.6374809521788944	0.6642580433489274	9.014419936931404
0.6582444370082003	0.6144220044203194	9.012341144228815
0.7021373235016608	0.4172574489029113	9.011418960927857
0.6735837026298455	0.565919669243082	9.01118306567661
0.7065668497009615	0.4740071336143529	9.010895085311093
0.6889555598058796	0.5207268038387678	9.010819456874541
1.0202839794609657	0.030833852074497466	9.261564197013243
1.0526315737765248	0.01786753868688122	9.264730833653621
0.9212772635628452	0.10182008619053702	9.088464371539024
0.8836477825842357	0.12316975269264632	9.071355782670183
0.877257580523432	0.17312363587722798	9.044857793624953
0.9574612696674919	0.07363473100045807	9.118511920709551
1.0100657854412454	0.04804277020870365	9.166886415058118
0.992488953992969	0.0667544837663313	9.13018257681806
0.9071359306461237	0.9693536136782619	9.245796668875693
0.9122893071126814	0.9826579305681219	9.249617395536436
0.6738668183824755	0.7128521206584296	9.018344310258813
0.7060810575324558	0.7661613621511026	9.02732905286848
0.7338592220718091	0.8218108991812446	9.04228309048014
0.7737921868226454	0.8434611613294289	9.050858696233094
0.8767256991184184	0.9541840828983537	9.166465984531726
0.8578797517416425	0.930844576932332	9.119338563094972
0.8028585858835935	0.8788772018504356	9.070302685210393
0.8326232278882204	0.9043267059728824	9.09094368133551
0.8381489121335204	0.22847403612778247	9.026957745442305
0.8188032023914393	0.30226444630656324	9.016802049010742
0.7937395318662572	0.35410029961059036	9.013458143765346
0.7710105445267751	0.4007884076160685	9.012046675308833
0.6959047075296395	0.6607909117814859	9.014476068446434
0.7157190087219133	0.6096406889750217	9.012410863111628
0.7597648371222498	0.4561867288526653	9.011230973727931
0.7339620258815338	0.5600732302668717	9.011369263732384
0.7494500309352335	0.510392688797145	9.011050773397413
1.05604547049726	0.030923080410643865	9.260672627094214
1.0877232174496791	0.017847670148517146	9.263282129720395
1.0473628141575764	0.046924876258421434	9.169868478480943
0.9545187343092072	0.11210355412053895	9.080802878305045
0.9236076353701818	0.15280192072290152	9.053562527781125
0.9006991140331394	0.21907175936835246	9.029543050765987
0.989693475592847	0.1002397933974184	9.09132053670534
1.0263752738063996	0.07568843313761862	9.116658315143676
1.0907189844435372	0.03096228849489402	9.258297012016984
1.1228142825650547	0.017797695366905834	9.25988998524468
0.9149276791947845	0.9503873448243532	9.156078258357995
0.9351755641782585	0.9684949384054439	9.241978010018485
0.9473783386476918	0.9827944151842216	9.242782563655362
0.7345615487464654	0.7089874405519065	9.018290868514704
0.7715745385965604	0.7710306970135363	9.028620077379676
0.8173186203768731	0.8203630139446744	9.042511574737226
0.893464511032094	0.9280327528402929	9.115791808278017
0.8739489724405854	0.8936549959872618	9.081730416224522
0.8479162097608202	0.8579731059462892	9.058314438896756
0.8759307343101895	0.28484139013188503	9.01893452862803
0.8156769246846887	0.44358473302978224	9.01154618566145
0.8532717728123089	0.3407458631732752	9.014221012635488
0.8322565561179095	0.3927312548572824	9.012413912385362
0.7555225253379895	0.6545859700725223	9.01432483559141
0.7770907240410477	0.6020519029982233	9.0123695203852
0.8084718540422697	0.49965416339359664	9.011252912210447
0.7989731291552837	0.5517076277489911	9.011504952895097
1.0828864915113112	0.04678831132756149	9.169489784507471
1.06264422025159	0.06754344839640099	9.128960390748404
0.9333441125344905	0.27158096535827997	9.020886534143228
0.9738126027426164	0.1468805568617148	9.05700690370884
0.9559057093270229	0.20360860799203795	9.034389959445564
1.0185804425045786	0.12280080708990448	9.072330227638561
1.0583476026250411	0.10127979200016829	9.090614091604982
1.1255808183260168	0.03099059233794309	9.256326340083078
1.157905645849196	0.017730546127050155	9.256003683703051
1.1165333833381688	0.04849353813615005	9.163596198348712
1.1615945674483	0.031397412036061556	9.252903514712704
1.1929971888648885	0.017619947982299596	9.25013953449592
1.1976651735374042	0.030814239008824927	9.25101385373638
1.2280856135335265	0.01746096972943657	9.244102036014421
0.9285096633725298	0.9298975775621288	9.117255904418721
0.9498432829458765	0.9510900011458128	9.158872430832146
0.977469017109881	0.9696918868169129	9.241200102761669
0.9824587231477914	0.9828985558463289	9.236651580872158
0.7931684319825636	0.701045609917477	9.01765465454269
0.8325327697725639	0.7474471153622186	9.024114109525641
0.8662108668778276	0.7980530680086885	9.03619520239973
0.911877151987335	0.8916272402252491	9.080348896773947
0.8949114318322358	0.8463649749086376	9.052695368407605
0.8519606083567348	0.4772473278037262	9.011441978176762
0.910963040797988	0.3267783180203323	9.015223891090118
0.8702836208472717	0.4350666845135325	9.011799200490982
0.8895526011517277	0.38209526275253086	9.012802551788171
0.9674515130611102	0.31197258523410953	9.01641101400182
0.8165954882911124	0.644999391163515	9.013987823604744
0.8392583184076694	0.5904388448985943	9.012232623546355
0.8624013841477525	0.5289783584585398	9.011473670726772
1.097265787965527	0.07606466663053335	9.11598241702532
0.9859915097835789	0.25144213451798125	9.024384154838858
1.002802346075277	0.17839461131545203	9.042588218592542
1.0470665052407457	0.1528270283824185	9.054207256486196
1.0899790558072673	0.12306238132010955	9.072708041914053
1.2326756507584236	0.03004168603850804	9.248444126065449
1.2631684655154436	0.01731495626243129	9.2387788287892
1.1499877079952971	0.05042040243699181	9.156364906921722
1.1336068675866633	0.07084937102572819	9.12335241799969
1.1860454315404576	0.050706513979954786	9.156164142117431
1.2244432984829938	0.047928462762489896	9.164962923652547
1.2675195511533817	0.03005952770388059	9.244334264971322
1.2982474522120666	0.017249646929925602	9.234443502489844
1.3032517571704108	0.029708036303519786	9.241172587446963
1.3333265285987828	0.01728447328397758	9.230647705655926
0.947883121766949	0.8979970516101965	9.084763405447339
0.9658250590044508	0.9285078278561494	9.114652354264946
0.9848841715629244	0.9519338169149344	9.161378208176457
1.0127763387109803	0.9702563662113145	9.239198529894336
1.0175359954866092	0.9828646990348718	9.23289469530303
1.0464975321450871	0.9706685488398671	9.23753590150755
1.052618749938433	0.982717728541758	9.232774948566979
0.8506372367468474	0.6894753342291503	9.016801218111006
0.8840796041107831	0.7344786072349359	9.021980914500901
0.9177012551570044	0.7874143086345696	9.03353482800501
0.9487762189013468	0.8516514805538127	9.055332358684856
0.9014624609332159	0.4808710441264945	9.011557332878406
0.9462077660098583	0.36940795181176816	9.01331260562388
0.9243328503250292	0.42784150413899447	9.012011245291022
1.0236122698868235	0.29540853740253137	9.018104475411368
1.0024441016366399	0.35415357775636797	9.014015075113305
0.8727145835350824	0.6329931515072226	9.013583016961874
0.8959328474179478	0.5776607945252892	9.012142514367282
0.9247454659404648	0.5258892892551763	9.011615271210742
1.129744774744378	0.10508982046351933	9.086927479280904
1.0474368174167676	0.22135707196386603	9.030485009489434
1.0830450412053663	0.17210081539284566	9.047035829099253
1.121673343145312	0.15421437458070686	9.055046069209249
1.2632765132413841	0.045941531740287436	9.169807676809349
1.16994134679712	0.08222809076904661	9.107937176958599
1.2080634145788882	0.07082669743109224	9.122597039051449
1.2419346599246854	0.0750163872542818	9.116951709994508
1.29847205933378	0.04526993608027628	9.171960589676345
1.3388153471142166	0.02938680486254556	9.23887807157616
1.3684087304918398	0.017391060860302752	9.228727119875982
1.3327933364129656	0.043878742254140866	9.175697400989073
1.3727684797554647	0.029424826421517676	9.237016578081189
1.403495022959015	0.017525543442926186	9.228807103885725
0.9808014328690878	0.8916778681306509	9.079036164707382
1.000111182758755	0.9267260836948119	9.112033151301302
1.0193557149757924	0.9527140307163746	9.164047674322235
1.054003747926556	0.9559469190774015	9.172947730489797
1.0814503956581871	0.9702987869927371	9.235991285977411
1.0877101764182733	0.9825753016238871	9.235863497805582
0.9046900445614687	0.6797578715285418	9.016187495940578
0.9363741473283638	0.7264133040880141	9.020786810700256
0.9667515503965554	0.7815419147111949	9.032176945065494
0.9944142589416327	0.8376685835182001	9.04978363479161
1.0780648517716758	0.28058916720133886	9.020243543701376
0.9623556152897672	0.4779604281932432	9.011705639657789
0.982482476807657	0.41358023893179374	9.012337143729303
1.0572014740268854	0.3381776427331673	9.01492791078523
1.0376685313507357	0.3963237010901239	9.01277932411088
0.9263801047205845	0.6248819742961806	9.01342112063705
0.9489570889996233	0.5724331431914065	9.012200769706483
0.9702520231640414	0.5307518143417529	9.011761253521607
1.1666037069862412	0.1240154889625229	9.07216406420739
1.111475197953905	0.21873720953449466	9.031327842643202
1.1528010411058862	0.1816532348559378	9.043489122090778
1.1261922422285315	0.2779436359201557	9.02096608434336
1.2813649964907443	0.07096295777124127	9.12224991559294
1.2126522784946387	0.10833929097211199	9.082303189664641
1.262192992330407	0.10744137965306426	9.082503955256074
1.317545813501481	0.06685360874628692	9.128665109328425
1.4065989360490907	0.03016863148264293	9.234779803876558
1.4385847857530374	0.017648774583106177	9.230868014304095
1.4419178268616148	0.030550311336902756	9.232462647032852
1.4736763943253823	0.017734465297127522	9.232973799831361
1.3673584698656693	0.04392146928074015	9.173822574449789
1.3477575546854024	0.06167740277174328	9.137190376660602
1.4004923585785913	0.04552067973135195	9.168944696425184
1.0195492130093224	0.8891668583092874	9.077726545814121
1.0381418306267005	0.9268186423940447	9.113412293716046
1.069050441884377	0.9351036175631405	9.127433711267658
1.1164805804300666	0.9708291011220176	9.235000576001285
1.1228041268048037	0.9825445339374151	9.234980323640851
1.0884390611560841	0.9551807294691852	9.16970760912306
0.9572844649346781	0.6718476308330414	9.015723589034438
0.9874128130072458	0.7212346488127349	9.020138745113245
1.0157875830088072	0.7815599746789809	9.032322521434489
1.0406817603436667	0.8392233459488312	9.05065022033318
1.1102280987625324	0.3235825432941514	9.0160994581222
1.0112929869326543	0.5109482204718707	9.011776242944334
1.021882783655762	0.4557897267290518	9.011965002164702
1.0911894068985069	0.37900645423217066	9.013318684059568
1.0707366300075292	0.4371321453396957	9.012211758310753
0.9786954690964456	0.6146511358822024	9.013206143448675
0.9975861299654363	0.5628392140555256	9.012166779126675
1.0379102449231248	0.5449745445383429	9.012057470276758
1.2016469861601116	0.16810682670671973	9.048838385447972
1.1715669935124475	0.23911187497689917	9.02685814747685
1.161763339577262	0.3038318612544286	9.017816572667103
1.302974428284955	0.10063543478549744	9.088565820866917
1.246279058174818	0.158922098924578	9.052690891650194
1.2866830655075387	0.14629478354362205	9.058753882789238
1.4800145957915047	0.028536181550842227	9.236255578461266
1.508767719717972	0.01777542811579102	9.236139614063978
1.5120070421333267	0.030968363396294177	9.230357797190996
1.5438574671187815	0.017791141375267813	9.23462181082145
1.3424212900440717	0.09278369813123113	9.096996915309473
1.4698830795396418	0.04652716361582199	9.16707968171898
1.4359309885104536	0.04538857249984981	9.169175192120605
1.3803405416182721	0.07229293337477405	9.119861261828866
1.4153670395594016	0.06655049291213669	9.128943560132543
1.5466293239663242	0.030750038801587824	9.230598854844272
1.5789463249824776	0.017804638390832263	9.234042289797742
1.5824033254426815	0.03103192922938742	9.229567545836145
1.6140353616575258	0.017810330674535534	9.232727811435902
1.1513882386774532	0.9691854057210708	9.22954423484223
1.1578926265197866	0.9825724379423764	9.230267901784238
1.0665652141898443	0.8957701358969834	9.083268896206848
1.098879725645504	0.9256950755413352	9.114985094775902
1.1210035132030884	0.952708045518812	9.163698612773276
1.0845278751920637	0.8397195063217818	9.051134536444318
1.010100201057796	0.6643475728640073	9.015344161534147
1.0388422599854494	0.7199621654790138	9.020163509820202
1.0629626927655784	0.7800835647780592	9.032105770508325
1.144779091648995	0.3620939478118274	9.014062788029412
1.0667604615462283	0.4987936263475836	9.011897185833208
1.126522615594365	0.41672874512405833	9.012583186431433
1.111232615765616	0.46612305290337863	9.012078808207727
1.038408966676729	0.6032764259075776	9.01297053252359
1.0829807316209223	0.5584557885470192	9.012309124955257
1.2319907822384322	0.22840250886130203	9.029863167511458
1.213527215787326	0.28767100460094663	9.019738632894333
1.1977436546679117	0.3439469920144433	9.015064903987904
1.3290701875760365	0.13390018307689378	9.066160817528093
1.2788653972454906	0.20533521177786465	9.036318121863445
1.3157331801953136	0.17698603122428402	9.046072075693658
1.5029246352454209	0.04822961481063904	9.161263843668388
1.5375831140930991	0.04812768135191523	9.160612718673663
1.4852426839644943	0.06883906379466795	9.126869027291495
1.3703797672460722	0.11769347327473245	9.076210461749698
1.4490649141957705	0.07745167364990677	9.113639719856758
1.411210064337772	0.1006733072090134	9.090917102691812
1.5719602843981202	0.04697665541095311	9.162543224650774
1.6183137254767137	0.03042878461005698	9.230236834599497
1.6491240315804785	0.017796565386203472	9.232008942846738
1.6083309108503325	0.04754865077451821	9.160636326853956
1.6528145715819889	0.030433286478939094	9.22958991059897
1.6842122249430818	0.017783818292632144	9.230483326818225
1.1869624954520375	0.9697498422443669	9.227022002334868
1.1929763145131436	0.9825481731216138	9.2246278359858
1.1558890559777721	0.952549249142924	9.163401054801115
1.1105171126733648	0.8874566235263694	9.078049929162155
1.1370446479157064	0.9240645467486506	9.113683361383275
1.2212123275703137	0.9697677261201941	9.225637367420582
1.2280603270277584	0.9824649454469816	9.221251201712258
1.1246595387986345	0.8405198712500761	9.051926023576513
1.1081330627060033	0.7860604450561274	9.033796265956077
1.0665680369914472	0.666165034136116	9.01561638141312
1.0906983503389986	0.7238980828408099	9.021046155270271
1.179777585512399	0.40314004520882707	9.012924799833826
1.130501955532148	0.5165394344315728	9.012092818858626
1.1618066026000853	0.46187581952346973	9.012198826932122
1.0973279314659197	0.6152348755831862	9.013471556786625
1.127625444808502	0.5720344091043881	9.01261397974367
1.1675547551187928	0.5556360471299044	9.012464273493448
1.2693342450815603	0.27016450755392013	9.022505863908917
1.252009556790813	0.3250994101195375	9.016308591191608
1.2345998222877534	0.3818320838494025	9.013590991006096
1.353353115568882	0.17373815079725174	9.047754141157526
1.3240515871951062	0.2338231943928387	9.029257138866164
1.5558846366334798	0.0674143377374572	9.12852975637396
1.5188567087567002	0.07912102576296573	9.113050618293514
1.4821110458116915	0.10161983176626513	9.091435810814263
1.3987041414651755	0.15241545338278906	9.057069462038877
1.4406497796158186	0.12511116661829094	9.07299293121981
1.588947219694613	0.0785852469991002	9.11341120182689
1.6465724434948876	0.04575972520367895	9.16523097911729
1.626092411620942	0.06843233656623232	9.125792303012345
1.6873088738806745	0.030454818955079777	9.22829034868328
1.7193044859741746	0.01779873331158854	9.229186085455458
1.6812520584724526	0.0458738876808792	9.164385345444595
1.722955053749598	0.03045333678114842	9.226134215073474
1.7544061942829516	0.017756133894045834	9.224395693630107
1.195909111454551	0.9498502298540653	9.156997110997294
1.1739238461511696	0.9211526503013876	9.110489080542235
1.1514551657331877	0.8870883283640922	9.077886783370728
1.2581056297275066	0.9694962795673806	9.224110898961639
1.2631469285552843	0.9823610190117559	9.22002554136909
1.2334783219897043	0.9496153545164637	9.156030039883396
1.146210437801949	0.7923724562599713	9.035668160847171
1.1677088957371786	0.8395875292843481	9.052072457103863
1.295035714049579	0.9691615155864338	9.222757421507671
1.298235371897507	0.9822673209734044	9.219412373407112
1.1474593591372297	0.7362979260274322	9.02342027118125
1.1250587273534427	0.672961586604997	9.01626673740104
1.2168817432897021	0.4401328231605201	9.012450841151887
1.1960959473094004	0.5022324183792463	9.012189065675068
1.1601770641552749	0.6140923903452592	9.013565691184724
1.200336845209358	0.5850783287411876	9.01302038290262
1.2128510710149523	0.5523202745782735	9.012528076384893
1.3077600756433914	0.3057816524378769	9.018026924223323
1.2890885357496262	0.3611895819173008	9.014424655078926
1.2720978577160675	0.4174836506757864	9.012844459444016
1.380554023195689	0.22053481239210118	9.033325842251594
1.3627610734354179	0.28422199456657216	9.02101808518195
1.5525639147122883	0.10010200706680851	9.093297771668903
1.5145417731588147	0.12171103204981715	9.076914187337353
1.470890897857311	0.15368757011346157	9.057830987235265
1.4313737701742701	0.18557832083624257	9.04409007717787
1.5834661116746096	0.12021297304387066	9.079305332621956
1.6239144506214425	0.09970234880752565	9.094874734990531
1.661136838651865	0.07463770362335745	9.116683980781227
1.7164185812504844	0.045737980164880086	9.16479820261695
1.697397358328867	0.06803971013883377	9.125743860814996
1.7588015049373653	0.030333857214958734	9.22469492293929
1.7895144890001267	0.017520190520147014	9.213517832335313
1.7478087965336673	0.048403441185768226	9.159774775823402
1.793323271205446	0.02809725129640112	9.222277350232366
1.8246225893133408	0.017081765587518765	9.193573191497187
1.8324531064680412	0.030852696743420387	9.212727174067481
1.859723358351541	0.016429772290816453	9.16338222445149
1.8748233486141086	0.030316710327509978	9.202953189380077
1.8948060007245262	0.015625541916776554	9.128314362994521
1.214513751983122	0.9214057681692235	9.110960178828748
1.192894619125537	0.8866088472637245	9.077531244757727
1.2676824740562171	0.952703418844179	9.163852393837614
1.2476099124293738	0.9291197722780951	9.119907073653781
1.1839034670173278	0.7873611612754822	9.034329515927277
1.2116046802766016	0.8367318759942316	9.05152892319141
1.1972260521044942	0.7370533651371141	9.02406637838725
1.330044562644232	0.9687149655261178	9.221045907462619
1.3333243004199813	0.9821877567420847	9.218861076560664
1.3035411679004432	0.9519181346867174	9.161390990036317
1.3647038927389246	0.9691950309047053	9.220684852431178
1.3684133002760623	0.9821178824887263	9.21855820176434
1.1881216220317867	0.682081210697179	9.017282661695463
1.2570740127300215	0.47415091734759757	9.012327463258211
1.2546798099679983	0.5263504355843758	9.012379290012897
1.2166452782843882	0.6243083053930859	9.014213950660052
1.24445605747338	0.5790346262594155	9.012968464672342
1.3433440253369984	0.34082214980002484	9.015501220637889
1.3247178616333561	0.3961133447471142	9.013368198301704
1.3088875944763354	0.45081902517090616	9.012515168460448
1.4153496789683682	0.2623712768112062	9.024780751837604
1.39819527183433	0.3209089047564704	9.017037369877842
1.542829224347144	0.1506718396986135	9.061660506257077
1.5097742896635762	0.17420383388506688	9.050562142240791
1.4777350060044867	0.22598526300047442	9.032846473573308
1.5766939469197863	0.1716381616062258	9.05316500080865
1.6124637604620486	0.1482579764227552	9.064180749455302
1.653832032879355	0.12037623356373361	9.080677850397372
1.695422749390977	0.0998402489798151	9.095791963418364
1.731794500229687	0.07705508827501299	9.114602991222172
1.78434226507202	0.04669977478681432	9.165732362069738
1.7667815428639875	0.06941067734488601	9.124402487119234
1.8180915241613527	0.051018660148298006	9.156783028393493
1.8567850997737307	0.05173587795604023	9.155101050331796
1.910294225121853	0.028363969899840955	9.187606725278284
1.929871196238798	0.014984309866912229	9.098987023450837
1.895162506047146	0.0459883153839601	9.165598078052739
1.9369528617515557	0.02580762310548256	9.172001981959468
1.9649316003173494	0.014663693841980064	9.088190595012017
1.2431430710727933	0.8904350293712839	9.080936093377334
1.2843210547708934	0.9230551623076425	9.110567054374364
1.2311325026878255	0.7805122330877072	9.032580199437563
1.258235042515685	0.8295029803217963	9.049244275084694
1.2406696937281867	0.7200700071250965	9.021825065333685
1.341536464286074	0.9497600867997956	9.155022944476757
1.3219875298533643	0.9293125617066259	9.120241594814951
1.400430622760419	0.9695743894094239	9.220017479042776
1.4035024823447233	0.9820588248904405	9.218433940256782
1.377769239412354	0.9497779076906339	9.155346256585135
1.2531448248424506	0.6662216725664607	9.016441455629947
1.31324055205988	0.5081714362138365	9.012385042283364
1.2961301817061825	0.5636012223025723	9.012823900362621
1.2733011798244354	0.6155236212248203	9.014084886765799
1.346255366397088	0.4721048605972918	9.012459388996573
1.3775407394168697	0.3766278004920667	9.013992232257445
1.3573484171042411	0.42973786042660034	9.012820640196253
1.455151671349398	0.3013418946249749	9.018995191601318
1.4331658955000237	0.3584850189414567	9.014801188380686
1.543081648779379	0.21442963642959376	9.036052989579362
1.5144091930822754	0.28649637814771345	9.021373415579427
1.6057256433294462	0.21253001514146685	9.036641005127144
1.644918720000206	0.16770987743773758	9.055355122746759
1.6836689175721848	0.15061793956373515	9.063267282912522
1.7263799235736381	0.12471773828566676	9.078406290630276
1.7670226661430544	0.10583338790259338	9.09120721453943
1.798357377012822	0.07944358357798274	9.112155325048723
1.8403164330906456	0.0812531841507482	9.108716626233827
1.8827551145400219	0.07218694970754332	9.117413235469543
1.9302138053760765	0.04413178121745633	9.16580937636528
1.915899949134418	0.0635741581038299	9.127711333636999
1.436025257837064	0.9689683295123052	9.217307920321334
1.438592039750441	0.9820117690335989	9.218221610131804
1.290226213220707	0.8719135652275292	9.06961915918633
1.3227255762851198	0.8977791697409809	9.088935632484839
1.2813356251059824	0.7667819335586449	9.02956532206913
1.30039397158819	0.8174466318236151	9.045836006365027
1.2986696046786737	0.7118494149859962	9.021152635760549
1.3602998473158188	0.9184427763121666	9.106674087265832
1.4091321471976936	0.9535651228570436	9.163962421805136
1.3948935236725863	0.9290167928978927	9.120613400067619
1.314278167888207	0.655466237039141	9.015829886723369
1.3625397183312222	0.5042955233947907	9.01243699474376
1.3559476241357142	0.5503065470859632	9.012776837827447
1.3351558667756864	0.6022206674470221	9.013791529465111
1.3892605500137616	0.4675004577803252	9.012500730380525
1.4125054322323425	0.4146782399278073	9.013118131846987
1.4899036796712999	0.34260559831101317	9.015780076804264
1.4662531086125044	0.3954448614720778	9.013555242394444
1.5744042381089396	0.2794819635275955	9.022899213610247
1.5473964369598128	0.32976198628754105	9.016838627661187
1.6250821720309014	0.2743550860344384	9.024197090665536
1.6690311864898533	0.2179748588603358	9.03512067614397
1.715248373498316	0.17759610173950957	9.050457160018007
1.7638674749171324	0.15875392432014632	9.058204523960816
1.8140957234620987	0.13124423529037063	9.071853659961876
1.869950935251684	0.11421078607072639	9.080275727345834
1.9148634193407574	0.09432301442760538	9.094736968455178
1.4707458171196661	0.9688253451967509	9.21639955523189
1.4736821948162513	0.98198128915038	9.218055390674282
1.4454854268656572	0.9513360030667201	9.158370306174385
1.334271055287514	0.8482285630413862	9.057362870081535
1.3665589198790837	0.8716764604783815	9.070741889709081
1.3379019218110617	0.7708061169687191	9.031248537489178
1.3520605260233856	0.6971039114034691	9.019606490082909
1.399017106613887	0.8957646492930752	9.087404041570949
1.429264200229539	0.9240529389093082	9.114338370047827
1.3733370051846094	0.6398781346070768	9.014958449166585
1.4090577517281715	0.5219135110984869	9.012519381171144
1.395565315320167	0.5861282541981001	9.01348824783397
1.4515433955507857	0.4603319683162009	9.01256914215922
1.5230668691598208	0.38407386021822226	9.01396080260306
1.5035310926151102	0.4290928108527069	9.012952916668068
1.5719486249768662	0.37425565070333394	9.014385705747603
1.6119534707046395	0.33183619989560936	9.01681734313545
1.674077536102608	0.2999894381284758	9.020362547131834
1.7349433434816963	0.24000229796245273	9.030027215360128
1.801348352397377	0.20529000335838166	9.039545649901342
1.8574889067230664	0.17738343572675244	9.049228717325699
1.9090086408556464	0.13795747487458046	9.064593852886597
1.5052760559257499	0.9685332206088972	9.214422091762044
1.5087729318922527	0.9819743353808358	9.217168906681023
1.478289767773273	0.9532227828156309	9.162358620230423
1.4638087255500953	0.9322360423829785	9.124753730918837
1.3773307253280331	0.8102651335371167	9.042786522932358
1.4083171440483435	0.8471493267103867	9.058924500834571
1.3906457158019263	0.7394118863834619	9.026056666783667
1.4004513151389468	0.6824605225806435	9.018436553825888
1.4347690045379498	0.8842496004503159	9.07907257381878
1.4689332043313952	0.8988069702711382	9.09064147311611
1.4706998765291797	0.5150392733175582	9.012519885832466
1.4384608883303243	0.635827198152645	9.014750164850247
1.4582850305649009	0.5656653898161705	9.013113341457526
1.511372701933106	0.4784238707594417	9.012485974742328
1.5585820949484737	0.433205304862971	9.0128283143955
1.6180284731258152	0.39977788298564826	9.013420624131639
1.6727368136275322	0.3652313916022328	9.014632479618788
1.730838062570438	0.3289244359370806	9.01683097734322
1.7901924183961497	0.29148732339323935	9.020960003509641
1.848176390569197	0.25736894254707	9.02681908002606
1.902353397802395	0.21822917221938562	9.03576231296613
1.5410473736699544	0.968786991949902	9.213792470309928
1.5438640485868371	0.9819947863323836	9.215324700183452
1.5158289567189902	0.9508057464732096	9.15643313615606
1.499437659334112	0.9244175005965142	9.113534723641628
1.5766957178522967	0.9688848260679155	9.211332414052825
1.4256766464359973	0.7859002997936679	9.035328233545984
1.4462763518842308	0.8292725116884954	9.05182810188261
1.4482735481793476	0.70872659428464	9.021501864552434
1.4871151263853917	0.6616790255245942	9.01677178569586
1.475958173284525	0.8487994168814601	9.060729894358024
1.5077080183022862	0.8777425582386339	9.076369685997669
1.5125570035339626	0.538809335600959	9.012684344057748
1.5061474987155743	0.6063821061676583	9.013807098469321
1.5644704872556545	0.5003104758293526	9.012391084007312
1.617567370691993	0.46645825210439007	9.012363797230783
1.672870884514808	0.4326615568486861	9.012551180779107
1.728678550456875	0.39820474858482663	9.013090598530942
1.784341408563273	0.36342753282927753	9.014168265871346
1.8414065524088497	0.33066700468735033	9.01603545582143
1.8969853111120145	0.2997717457886349	9.019184583849809
1.578955302190532	0.9820452959006905	9.213453468235
1.548763580784597	0.9530027836618333	9.160641615268402
1.5342961698337003	0.931638201417766	9.122327553765489
1.5396286533669052	0.8955505270601272	9.088910653317056
1.6087297307451736	0.9712642924970746	9.21390724350204
1.5861035114281288	0.951381855769458	9.156643570139197
1.5292502922247422	0.6579277379707147	9.016583866836365
1.4832163933741032	0.7805763461579069	9.033939632452345
1.511291507154619	0.7071353732227932	9.021606907218755
1.5148460672771855	0.8221485144822698	9.049632085464054
1.547590236440372	0.8400650297935957	9.057406685491136
1.5643664262053607	0.5670348977155723	9.012929571854942
1.5664744635968058	0.6275141184053473	9.014609009774633
1.6186007578756587	0.5328053064465723	9.012390762077075
1.6728515264315493	0.49998898565311056	9.012054640848488
1.728122503893023	0.46656412018990084	9.01189435923145
1.783217315089289	0.43243206010852775	9.01195989382775
1.8387773860573728	0.39857533123294736	9.012314129919579
1.8936385755325114	0.36592596860638893	9.01315769716504
1.6140463540745356	0.9821265662445516	9.21052935054606
1.6455284276499766	0.9692259924297737	9.20884105396633
1.5702106776968818	0.9231530228925289	9.111203307122706
1.5785291585940806	0.8762868494217254	9.076378483873569
1.618922202125861	0.9534390167703434	9.159343955625191
1.603880811780739	0.932640138777881	9.123185771962621
1.6544366608094214	0.9530564369383698	9.157433906645593
1.5648607378726458	0.6862693238232612	9.018931786781273
1.5560487840029822	0.7689972912743663	9.031026472134853
1.5860743813843379	0.8214627557510127	9.049892761596482
1.6179482768388473	0.596388082635808	9.013457790955757
1.6141826016273924	0.6518991975967822	9.015909920829133
1.672643480533808	0.5668972646614501	9.012588673494902
1.727228653702377	0.5347000140465459	9.011916098818356
1.7831073339762944	0.5010378379597501	9.011430487510479
1.8380724537834674	0.466535301898161	9.011134139431105
1.8926704189186576	0.4329302286617966	9.011040344920579
1.6491372625117422	0.9822318302861225	9.206710131064524
1.6811286733319675	0.969643047450476	9.207540153082734
1.6100251385620619	0.8990870651300437	9.091588482117386
1.6209294241358234	0.8479498169259427	9.061841689078962
1.6396320177992387	0.9246735109587163	9.11287203133823
1.6877632015445052	0.9542968057869712	9.158866692434026
1.6719478686931026	0.9342814592394401	9.124896284397034
1.614216499648366	0.7125218429861483	9.022177328920428
1.626294448872227	0.7817991439779439	9.034086368443253
1.6707060608576798	0.6324584687688739	9.014642596785722
1.655482420444694	0.6800663207348094	9.018055741320168
1.7247785872357702	0.6041054776201311	9.01321195144119
1.7817189308332588	0.5695527002883743	9.012019264793112
1.8376661433382881	0.5345560427929987	9.011155648939193
1.8923552400147512	0.5000935293278425	9.010554005311606
1.6842283420595727	0.9823639026331566	9.202584197494117
1.7164881192203194	0.9695457108603291	9.20448409681754
1.7216500416219107	0.9536620094341149	9.156733159709168
1.6478753846156744	0.881094072986966	9.079328511341195
1.6594750536159248	0.8312818113689097	9.054148856287226
1.6771494164672265	0.9045626894052161	9.096435563227928
1.7068049006858068	0.9271028543110653	9.115497584601554
1.6698500822584577	0.7258438411309382	9.02433495705151
1.6753926205472929	0.7832780141509421	9.03469251387994
1.7146638699222523	0.6802158498445159	9.017530644792389
1.7799772329562953	0.6402679452330868	9.01447531627405
1.8375556337905274	0.6026488840777341	9.012449300875984
1.8921979215490639	0.5673648907889134	9.011138350005778
1.719318991190658	0.9825314988420654	9.197238900377311
1.7505304258444045	0.9698720826119201	9.201852754078937
1.755288115476484	0.9547733771077953	9.157670150794203
1.7394902869039055	0.9350463831471949	9.124835108597463
1.6884181856847575	0.8601590235985264	9.066914515056427
1.6975471223052647	0.8176455672306933	9.047790980527774
1.7106576486903244	0.8886497902896446	9.085323891959636
1.7407716772239263	0.9026002040048258	9.095464349534955
1.7237524251702592	0.7646907923798657	9.030413704399537
1.7808134987810995	0.7081978592647333	9.020640690748506
1.8374495750351605	0.670047382798923	9.016154039361167
1.892386346366249	0.6342831376643446	9.01331253398095
1.7544068158925092	0.9827366137044872	9.191042367183805
1.7836726337324804	0.9707070931465058	9.198715137024907
1.7882985054564835	0.9562539017958744	9.160165465808587
1.7732699964628396	0.9265184372257813	9.114336022950312
1.7402227239552297	0.8483661450170458	9.058769528286653
1.7725819062913868	0.8882728376596566	9.085081005940298
1.787777058422218	0.7892882700201914	9.037068979370828
1.8400874465051758	0.7393211483678414	9.025612360435316
1.8941785654705778	0.7058741215747766	9.019707739675935
1.7894925692255381	0.9829061919456383	9.186731158628598
1.8184538615683747	0.9717119809543204	9.19674958382573
1.8066707650712335	0.9370104389644203	9.12763593533387
1.8233956447874666	0.95805166633422	9.163826980975607
1.8080042793720932	0.9054698233829822	9.096028174299049
1.8002146308115268	0.8559645514936893	9.062731572322718
1.8479527781539455	0.8243232039240362	9.047782085656607
1.897911423014199	0.7888142101369279	9.036749368700974
1.8245860294899399	0.9829978917453351	9.183188734584526
1.8543194831877075	0.9718383807380689	9.19333996937211
1.839022350075792	0.9317919875314642	9.121153375577487
1.858767233550135	0.9582833930713642	9.164413247294311
1.8563748167161584	0.8893469296134521	9.081288662794764
1.9047920006116914	0.8609761961020312	9.063075319575534
1.8596889376794656	0.9832461248029029	9.173207258499454
1.8889154525368808	0.9736764088614923	9.18772423522116
1.8806039265227228	0.9362308888389591	9.126395533261658
1.8931562491315634	0.9619593911466642	9.167449073179071
1.914033751465338	0.910671856021002	9.09753433443592
1.8947823709801224	0.9837616063429424	9.15483805792161
1.9225911351477156	0.9711109125249021	9.178292930007883
1.9262980125814873	0.9519815913469618	9.147219104683886
1.929857920442417	0.98421502961859	9.1380774690633
1.956904718553057	0.9720396316309531	9.170357379417347
1.9649265233952724	0.9844417412564138	9.13355477395752
0	0.007386140811679646	9
0	0	4.5
0.03508771929824572	0.007471007350662024	8.940956160911128
0.03508771929824572	0	0
0.07017543859649122	0.007575544156282999	8.599147053391855
0.07017543859649122	0	0
0.10526315789473673	0.007665716784120927	8.344394451918788
0.10526315789473673	0	0
0.14035087719298223	0.007733466343967957	8.216408690525812
0.14035087719298223	0	0
0.17543859649122795	0.0078012159038149875	8.185023397517426
0.17543859649122795	0	0
0	0.993402419547616	9
0.03508771929824564	0.993402419547616	8.883575369125884
0	1	4.5
0.03508771929824564	1	0
0.21052631578947345	0.00781310855180821	8.16422432330519
0.21052631578947345	0	0
0.0701754385964913	0.9931828942255896	8.619226148328442
0.0701754385964913	1	0
0.24561403508771895	0.007801765595318363	8.148958972375985
0.24561403508771895	0	0
0.28070175438596445	0.00780184955568246	8.148333589805926
0.28070175438596445	0	0
0.3157894736842102	0.007821189053625586	8.159377726359201
0.3157894736842102	0	0
0.10526315789473693	0.9929205107300376	8.445731524345486
0.10526315789473693	1	0
0.14035087719298256	0.9926591311193713	8.396798221719548
0.14035087719298256	1	0
0.3508771929824557	0.007838316803068958	8.166240344525173
0.3508771929824557	0	0
0.17543859649122823	0.9924269080886596	8.423555513612547
0.17543859649122823	1	0
0.2105263157894738	0.9922357545020211	8.464236729491317
0.2105263157894738	1	0
0.3859649122807014	0.007838392262769143	8.164805374759613
0.3859649122807014	0	0
0.4210526315789469	0.007830778517360928	8.165582850581204
0.4210526315789469	0	0
0.4561403508771924	0.007834608974912475	8.177953370807074
0.4561403508771924	0	0
0.24561403508771945	0.9920909372084026	8.49274583520291
0.24561403508771945	1	0
0.2807017543859652	0.9919980383335779	8.502445538844661
0.2807017543859652	1	0
0.4912280701754379	0.007860452057953216	8.20392278950687
0.4912280701754379	0	0
0.5263157894736836	0.007905424649288471	8.237790386474005
0.5263157894736836	0	0
0.31578947368421073	0.9919631285070544	8.49922317063906
0.31578947368421073	1	0
0.35087719298245645	0.9919864747031412	8.482004016167721
0.35087719298245645	1	0
0.5614035087719293	0.007959890253218603	8.270587060096968
0.5614035087719293	0	0
0.38596491228070207	0.9920455381543481	8.455884552305605
0.38596491228070207	1	0
0.42105263157894773	0.9921015183235675	8.433618575912693
0.42105263157894773	1	0
0.4561403508771933	0.9921466965613259	8.418038456684927
0.4561403508771933	1	0
0.5964912280701749	0.00801396370260023	8.297411750204608
0.5964912280701749	0	0
0.49122807017543896	0.9921965728469183	8.400541465247363
0.49122807017543896	1	0
0.6315789473684204	0.008061360374483418	8.321646470460253
0.6315789473684204	0	0
0.6666666666666661	0.008101791246243757	8.337213498424369
0.6666666666666661	0	0
0.5263157894736846	0.9922271319488463	8.388542090052963
0.5263157894736846	1	0
0.5614035087719302	0.9922115002167132	8.397880591027498
0.5614035087719302	1	0
0.7017543859649116	0.008135999882607005	8.347553533005806
0.7017543859649116	0	0
0.7368421052631569	0.00816000789839348	8.3524491596105
0.7368421052631569	0	0
0.596491228070176	0.9921658554324152	8.418975097962804
0.596491228070176	1	0
0.6315789473684216	0.9921205341141969	8.43491675071838
0.6315789473684216	1	0
0.7719298245614024	0.00816393658809184	8.351154537276235
0.7719298245614024	0	0
0.8070175438596483	0.008142620653545365	8.34172893841098
0.8070175438596483	0	0
0.6666666666666672	0.9920976188374919	8.438167864050062
0.6666666666666672	1	0
0.7017543859649129	0.9921009973335246	8.434314967236107
0.7017543859649129	1	0
0.8421052631578938	0.008106273555530286	8.327284937407263
0.8421052631578938	0	0
0.8771929824561393	0.008072776312083738	8.314743605271552
0.8771929824561393	0	0
0.7368421052631586	0.9921183231627483	8.426431060351947
0.7368421052631586	1	0
0.7719298245614044	0.9921299576859395	8.422123094445704
0.7719298245614044	1	0
0.9122807017543848	0.008057904033732992	8.311416022200586
0.9122807017543848	0	0
0.9473684210526305	0.008066154244555993	8.32056046421621
0.9473684210526305	0	0
0.80701754385965	0.9921251708648288	8.425771324372612
0.80701754385965	1	0
0.982456140350876	0.008088205615262632	8.334619592715846
0.982456140350876	0	0
0.8421052631578955	0.9921081856130928	8.433358475641528
0.8421052631578955	1	0
1.0175438596491218	0.008111004622184052	8.344406332759446
1.0175438596491218	0	0
0.8771929824561413	0.9920950343723314	8.437890903921446
0.8771929824561413	1	0
1.0526315789473673	0.008121608494036918	8.347962012182792
1.0526315789473673	0	0
1.087719298245613	0.008112577340235067	8.344534987160339
1.087719298245613	0	0
0.9122807017543869	0.9921172411673281	8.42861385661416
0.9122807017543869	1	0
1.1228070175438587	0.008089861530411744	8.336281973175016
1.1228070175438587	0	0
1.1578947368421044	0.008059339148659162	8.324800688647457
1.1578947368421044	0	0
1.1929824561403501	0.008009067264681636	8.306509081698328
1.1929824561403501	0	0
0.9473684210526326	0.9921792796291916	8.402295792884969
0.9473684210526326	1	0
1.2280701754385956	0.007936804422471168	8.279340669483702
1.2280701754385956	0	0
1.2631578947368414	0.007870434664741495	8.25340893878073
1.2631578947368414	0	0
1.298245614035087	0.007840748604511637	8.24440350618443
1.298245614035087	0	0
0.9824561403508782	0.9922266162937858	8.381443323642992
0.9824561403508782	1	0
1.017543859649124	0.9922112268340326	8.390554797067544
1.017543859649124	1	0
1.3333333333333328	0.007856578765444353	8.259835358791022
1.3333333333333328	0	0
1.3684210526315783	0.007905027663773977	8.287715196710716
1.3684210526315783	0	0
1.0526315789473695	0.9921444220644354	8.420084112232903
1.0526315789473695	1	0
1.403508771929824	0.007966156110420994	8.315133725514247
1.403508771929824	0	0
1.4385964912280698	0.008022170265048263	8.335908326876936
1.4385964912280698	0	0
1.0877192982456152	0.9920796825563123	8.44282780325075
1.0877192982456152	1	0
1.4736842105263155	0.00806112058960342	8.345642622132413
1.4736842105263155	0	0
1.508771929824561	0.008079740052632282	8.34651590407745
1.508771929824561	0	0
1.5438596491228067	0.008086882443303552	8.34739923722086
1.5438596491228067	0	0
1.5789473684210522	0.008093017450378302	8.348473519996856
1.5789473684210522	0	0
1.1228070175438607	0.9920656972442796	8.443070539310423
1.1228070175438607	1	0
1.614035087719298	0.008095604852061606	8.349210448980031
1.614035087719298	0	0
1.6491228070175437	0.00808934790281976	8.347426882256205
1.6491228070175437	0	0
1.1578947368421062	0.9920783808828983	8.436636102709434
1.1578947368421062	1	0
1.6842105263157894	0.008083553769378247	8.346664120834392
1.6842105263157894	0	0
1.7192982456140349	0.008090333323449337	8.351815685648365
1.7192982456140349	0	0
1.1929824561403517	0.9920673514189153	8.442981966332258
1.1929824561403517	1	0
1.7543859649122806	0.008070969951839015	8.345320089474582
1.7543859649122806	0	0
1.789473684210526	0.007963722963703188	8.303770788604266
1.789473684210526	0	0
1.8245614035087718	0.0077644389034176205	8.227006913019988
1.8245614035087718	0	0
1.8596491228070176	0.007468078314007479	8.112843472743439
1.8596491228070176	0	0
1.2280701754385976	0.9920295206577189	8.46118740455523
1.2280701754385976	1	0
1.894736842105263	0.007102519053080252	7.9659569347056935
1.894736842105263	0	0
1.9298245614035088	0.006811049939505558	7.845546669810133
1.9298245614035088	0	0
1.9649122807017543	0.006665315382718211	7.783806827022813
1.9649122807017543	0	0
1.2631578947368431	0.9919822813689799	8.481825539506156
1.2631578947368431	1	0
2	0	0
2	0.0066653153827181955	7.796590321068458
1.2982456140350884	0.9919396913515475	8.498869434596601
1.2982456140350884	1	0
1.333333333333334	0.9919035257918567	8.51125894397376
1.333333333333334	1	0
1.3684210526315796	0.9918717647676029	8.520746391212578
1.3684210526315796	1	0
1.4035087719298251	0.9918449204047457	8.528639848423111
1.4035087719298251	1	0
1.4385964912280707	0.9918235313789086	8.53501423055724
1.4385964912280707	1	0
1.4736842105263164	0.9918096768865363	8.537727123060249
1.4736842105263164	1	0
1.508771929824562	0.991806516082198	8.537666540988686
1.508771929824562	1	0
1.5438596491228076	0.9918158119692653	8.534408582993368
1.5438596491228076	1	0
1.578947368421053	0.9918387708639502	8.526265963762166
1.578947368421053	1	0
1.6140350877192986	0.9918757119293417	8.51365018971118
1.6140350877192986	1	0
1.6491228070175443	0.9919235592209648	8.497406244297084
1.6491228070175443	1	0
1.6842105263157898	0.9919835921059803	8.475917058491355
1.6842105263157898	1	0
1.7192982456140355	0.9920597722009388	8.449000522810145
1.7192982456140355	1	0
1.754385964912281	0.9921530062293124	8.416765992090228
1.754385964912281	1	0
1.7894736842105265	0.9922300872480174	8.38933596226173
1.7894736842105265	1	0
1.824561403508772	0.9922717689751523	8.374904697069677
1.824561403508772	1	0
1.8596491228070178	0.9923846021831376	8.330217030299005
1.8596491228070178	1	0
1.8947368421052633	0.9926189119740647	8.237218616521076
1.8947368421052633	1	0
1.9298245614035088	0.9928250134629955	8.155503405549986
1.9298245614035088	1	0
1.9649122807017543	0.9929280642074608	8.11334803667618
1.9649122807017543	1	0
2	0.9929280642074608	8.119705969213143
2	1	0
